home:
  X: 584.0972593802915
  Y: 61.0
  Z: -110.89225774087924
  Yaw: 268.95023
  Pitch: 46.500015
  World: world
