home:
  X: -183.75739989982048
  Y: 165.0
  Z: -862.2256366959848
  Yaw: -35.211365
  Pitch: 39.551353
  World: world
