home:
  X: 1314.2758307659738
  Y: 63.0
  Z: 660.5460375169979
  Yaw: 136.76404
  Pitch: 13.116367
  World: world
