home:
  X: -161.69999998807907
  Y: 13.0
  Z: -927.6520605507419
  Yaw: 289.1277
  Pitch: 51.900043
  World: world
