world: world
x: 1507.8579726094242
y: 73.0
z: 734.3500695374312
yaw: -96.60221
pitch: -1.2049123
